       SID        P5
      0100
      0166     85.00
      0297    100.00
      0713
      0853     75.00
      0938     20.00
      0973
      0988     90.00
      1116
      1269    100.00
      1368    100.00
      1398     50.00
      1408
      1528     95.00
      1977     90.00
      2180
      2405     20.00
      2429     75.00
      3045     80.00
      3120     90.00
      3227
      3609
      3962     40.00
      4108
      4155
      4205     70.00
      4351
      4692     50.00
      4768     40.00
      4956     90.00
      5009
      5080
      5234
      5438
      5693     95.00
      5761     85.00
      6618     50.00
      6668     40.00
      6798     95.00
      6934
      6962
      6975     50.00
      7133
      7275     95.00
      7678
      7871
      7999     60.00
      8043     40.00
      8311    100.00
      8467    100.00
      8834     20.00
      8900
      9455
      9460
      9572    100.00
      9578
      9933     60.00
