61 541
61 544
62 540
63 540
63 544
64 523
64 524
64 525
64 526
64 540
64 541
64 542
64 543
65 523
65 527
66 523
67 524
67 527
69 537
69 538
69 543
70 526
70 527
70 537
70 538
70 542
70 544
70 551
71 525
71 528
71 541
71 545
71 551
71 553
72 525
72 528
72 541
72 545
72 551
72 552
73 525
73 526
73 528
73 529
73 541
73 545
74 527
74 528
74 542
74 545
74 567
75 543
75 556
75 565
75 569
76 556
76 558
76 564
77 556
77 557
77 564
77 569
78 523
78 524
78 525
78 526
78 532
78 533
78 564
78 565
78 566
78 567
78 568
79 523
79 527
79 531
79 532
79 534
79 535
79 540
79 541
80 523
80 532
80 533
80 534
80 535
80 539
80 540
80 541
80 542
80 561
81 524
81 527
81 533
81 534
81 538
81 539
81 541
81 542
81 554
81 561
81 563
82 539
82 540
82 546
82 549
82 553
82 555
82 556
82 561
82 562
83 545
83 549
83 554
83 555
83 556
83 557
83 558
84 544
84 545
84 550
84 555
84 558
85 503
85 504
85 545
85 549
85 554
85 555
85 556
85 557
85 558
85 566
86 502
86 503
86 504
86 505
86 539
86 540
86 546
86 549
86 553
86 555
86 556
86 566
86 568
87 501
87 502
87 504
87 505
87 538
87 539
87 541
87 542
87 554
87 566
87 567
88 485
88 486
88 502
88 503
88 539
88 540
88 541
88 542
89 484
89 485
89 487
89 488
89 540
89 541
90 485
90 486
90 487
90 488
90 551
90 554
91 486
91 487
91 550
92 550
92 554
93 498
93 499
93 533
93 534
93 535
93 536
93 550
93 551
93 552
93 553
94 488
94 498
94 499
94 503
94 504
94 505
94 512
94 514
94 533
94 537
95 487
95 488
95 503
95 504
95 505
95 512
95 513
95 533
96 486
96 487
96 489
96 502
96 506
96 513
96 534
96 537
97 487
97 489
97 503
97 504
97 505
97 506
97 554
97 555
97 556
98 488
98 489
98 503
98 504
98 505
98 538
98 549
98 551
98 553
98 557
99 449
99 450
99 517
99 519
99 527
99 528
99 529
99 536
99 537
99 538
99 549
99 557
100 448
100 449
100 450
100 451
100 456
100 457
100 458
100 459
100 517
100 518
100 526
100 527
100 528
100 529
100 530
100 535
100 539
100 555
100 556
100 562
100 581
101 447
101 448
101 450
101 451
101 456
101 460
101 494
101 497
101 518
101 525
101 526
101 528
101 529
101 530
101 535
101 540
101 541
101 542
101 562
101 564
101 581
101 583
102 448
102 449
102 456
102 485
102 486
102 493
102 526
102 527
102 535
102 536
102 538
102 540
102 541
102 542
102 551
102 562
102 563
102 581
102 582
103 457
103 460
103 484
103 485
103 487
103 488
103 493
103 497
103 537
103 541
103 542
104 485
104 486
104 487
104 488
104 493
104 494
104 495
104 496
104 500
104 501
104 502
104 503
104 522
104 524
104 538
104 540
104 576
104 577
104 578
105 453
105 462
105 486
105 487
105 500
105 504
105 522
105 523
105 530
105 531
105 567
105 575
105 576
105 577
105 578
105 579
106 451
106 452
106 453
106 454
106 462
106 466
106 500
106 508
106 523
106 567
106 569
106 574
106 575
106 577
106 578
106 579
107 450
107 452
107 453
107 454
107 455
107 456
107 457
107 458
107 459
107 463
107 467
107 501
107 504
107 507
107 508
107 509
107 510
107 511
107 512
107 513
107 533
107 534
107 535
107 536
107 542
107 543
107 567
107 568
107 575
107 576
108 449
108 450
108 459
108 466
108 506
108 507
108 509
108 510
108 511
108 514
108 533
108 537
108 541
108 542
108 544
108 545
108 550
108 551
109 450
109 451
109 452
109 454
109 464
109 465
109 501
109 504
109 507
109 508
109 509
109 510
109 511
109 512
109 513
109 533
109 542
109 543
109 544
109 545
109 549
109 550
109 551
109 552
110 451
110 452
110 453
110 459
110 460
110 500
110 508
110 534
110 537
110 543
110 544
110 548
110 549
110 551
110 552
110 564
110 572
111 456
111 460
111 500
111 504
111 549
111 550
111 556
111 559
111 563
111 565
111 566
111 572
111 574
112 500
112 501
112 502
112 503
112 555
112 559
112 564
112 565
112 566
112 567
112 568
112 572
112 573
113 449
113 450
113 476
113 554
113 555
113 560
113 565
113 568
114 448
114 449
114 450
114 451
114 477
114 555
114 559
114 564
114 565
114 566
114 567
114 568
115 447
115 448
115 450
115 451
115 467
115 468
115 475
115 476
115 477
115 549
115 550
115 556
115 559
115 563
115 565
115 566
115 589
115 590
115 596
115 619
115 620
115 649
115 650
115 679
115 680
115 709
115 710
116 448
116 449
116 466
116 467
116 468
116 469
116 548
116 549
116 551
116 552
116 564
116 589
116 590
116 596
116 598
116 619
116 620
116 649
116 650
116 679
116 680
116 709
116 710
117 465
117 466
117 468
117 469
117 549
117 550
117 551
117 552
117 571
117 574
117 596
117 597
118 466
118 467
118 491
118 503
118 504
118 505
118 550
118 551
118 570
119 492
119 501
119 509
119 537
119 539
119 570
119 574
120 473
120 474
120 490
120 491
120 492
120 537
120 538
120 570
120 571
120 572
120 573
121 472
121 473
121 474
121 475
121 499
121 500
121 505
121 506
121 507
121 508
121 510
121 511
121 538
122 471
122 472
122 474
122 475
122 485
122 499
122 500
122 502
122 503
122 504
122 509
122 510
122 512
122 620
122 650
122 680
122 710
123 472
123 473
123 485
123 503
123 508
123 509
123 512
123 513
123 619
123 620
123 621
123 649
123 650
123 651
123 679
123 680
123 681
123 709
123 710
123 711
124 478
124 480
124 485
124 486
124 489
124 500
124 505
124 506
124 509
124 512
124 619
124 620
124 621
124 649
124 650
124 651
124 679
124 680
124 681
124 709
124 710
124 711
125 477
125 478
125 481
125 489
125 500
125 504
125 509
125 510
125 511
125 531
125 532
126 478
126 480
126 485
126 486
126 489
126 510
126 530
126 533
126 560
126 561
126 590
126 591
126 617
126 618
126 622
126 623
126 647
126 648
126 652
126 653
126 677
126 678
126 682
126 683
126 707
126 708
126 712
126 713
127 472
127 473
127 485
127 530
127 533
127 560
127 562
127 590
127 592
127 617
127 618
127 622
127 623
127 647
127 648
127 652
127 653
127 677
127 678
127 682
127 683
127 707
127 708
127 712
127 713
127 777
127 778
128 471
128 472
128 474
128 475
128 485
128 531
128 532
128 561
128 562
128 591
128 592
128 777
128 779
129 472
129 473
129 474
129 475
129 765
129 778
129 779
129 780
129 788
129 789
130 473
130 474
130 620
130 621
130 650
130 651
130 680
130 681
130 710
130 711
130 762
130 763
130 764
130 765
130 769
130 770
130 779
130 780
130 781
130 788
130 789
131 619
131 621
131 649
131 651
131 679
131 681
131 709
131 711
131 754
131 755
131 761
131 762
131 763
131 764
131 768
131 769
131 778
131 779
131 780
132 618
132 619
132 622
132 648
132 649
132 652
132 678
132 679
132 682
132 708
132 709
132 712
132 754
132 755
132 761
132 764
132 768
132 769
132 771
132 773
132 774
132 777
132 779
133 619
133 620
133 649
133 650
133 679
133 680
133 709
133 710
133 761
133 762
133 763
133 764
133 769
133 771
133 773
133 774
133 777
133 778
134 619
134 620
134 649
134 650
134 679
134 680
134 709
134 710
134 762
134 763
134 764
134 765
134 769
134 771
134 772
135 619
135 649
135 679
135 709
135 765
136 476
136 477
136 478
136 479
137 476
137 480
137 533
137 534
137 563
137 564
137 593
137 594
137 619
137 625
137 649
137 655
137 679
137 685
137 709
137 715
138 476
138 484
138 532
138 535
138 562
138 564
138 592
138 594
138 619
138 625
138 649
138 655
138 679
138 685
138 709
138 715
138 779
139 477
139 480
139 483
139 484
139 485
139 486
139 487
139 488
139 489
139 532
139 535
139 562
139 563
139 592
139 593
139 620
139 624
139 643
139 650
139 654
139 673
139 680
139 684
139 703
139 710
139 714
139 780
139 781
140 482
140 483
140 485
140 486
140 487
140 490
140 533
140 534
140 621
140 622
140 623
140 643
140 645
140 651
140 652
140 653
140 673
140 675
140 681
140 682
140 683
140 703
140 705
140 711
140 712
140 713
140 779
140 780
141 477
141 480
141 483
141 484
141 485
141 486
141 487
141 488
141 489
141 504
141 508
141 509
141 511
141 512
141 643
141 644
141 673
141 674
141 703
141 704
142 476
142 484
142 503
142 504
142 505
142 507
142 508
142 512
143 476
143 480
143 502
143 503
143 506
143 507
143 508
143 512
144 476
144 477
144 478
144 479
144 504
144 505
144 506
144 507
144 508
144 509
144 511
145 505
145 507
145 508
145 510
145 575
145 576
146 471
146 474
146 491
146 492
146 506
146 507
146 540
146 541
146 542
146 574
146 575
146 577
146 578
146 636
146 666
146 696
146 786
146 788
147 470
147 492
147 493
147 540
147 575
147 576
147 577
147 578
147 635
147 665
147 695
147 787
147 788
148 453
148 456
148 470
148 474
148 491
148 541
148 553
148 554
148 555
148 556
148 576
148 577
148 635
148 636
148 637
148 665
148 666
148 667
148 695
148 696
148 697
148 787
149 452
149 470
149 471
149 472
149 473
149 553
149 557
149 567
149 591
149 592
149 600
149 621
149 622
149 651
149 652
149 681
149 682
149 711
149 712
150 452
150 456
150 553
150 565
150 566
150 591
150 592
150 599
150 600
150 621
150 622
150 651
150 652
150 681
150 682
150 711
150 712
151 452
151 453
151 454
151 455
151 476
151 477
151 478
151 554
151 557
151 560
151 561
151 567
151 568
151 569
151 599
151 601
152 476
152 477
152 478
152 559
152 560
152 561
152 568
152 569
152 570
153 477
153 479
153 505
153 506
153 554
153 557
153 560
153 561
153 567
153 568
153 569
153 618
153 619
153 794
153 809
153 811
154 504
154 505
154 507
154 508
154 553
154 565
154 566
154 576
154 617
154 618
154 619
154 620
154 658
154 688
154 753
154 754
154 795
154 796
154 812
155 456
155 457
155 462
155 505
155 506
155 507
155 508
155 512
155 518
155 519
155 520
155 539
155 540
155 553
155 557
155 567
155 575
155 576
155 616
155 617
155 619
155 620
155 658
155 660
155 688
155 690
155 752
155 754
155 794
155 795
155 808
155 812
156 454
156 455
156 457
156 458
156 462
156 463
156 464
156 465
156 506
156 507
156 511
156 513
156 514
156 518
156 519
156 520
156 523
156 538
156 539
156 540
156 541
156 546
156 547
156 548
156 549
156 553
156 554
156 555
156 556
156 575
156 577
156 582
156 600
156 601
156 617
156 618
156 658
156 659
156 688
156 689
156 754
156 812
157 454
157 457
157 462
157 463
157 464
157 465
157 466
157 510
157 514
157 521
157 523
157 537
157 538
157 540
157 541
157 546
157 550
157 580
157 584
157 599
157 600
157 602
157 603
157 777
157 778
157 809
157 812
158 454
158 457
158 467
158 506
158 507
158 511
158 513
158 514
158 518
158 519
158 520
158 523
158 531
158 532
158 538
158 539
158 546
158 579
158 600
158 601
158 602
158 603
158 622
158 623
158 777
158 779
158 810
158 811
158 812
159 455
159 456
159 465
159 466
159 505
159 506
159 507
159 508
159 512
159 518
159 519
159 520
159 531
159 532
159 547
159 550
159 571
159 579
159 584
159 601
159 602
159 623
159 765
159 778
159 779
159 780
159 788
159 789
160 465
160 504
160 505
160 507
160 508
160 570
160 571
160 579
160 580
160 581
160 582
160 583
160 622
160 624
160 762
160 763
160 764
160 765
160 769
160 770
160 779
160 780
160 781
160 788
160 789
161 489
161 490
161 491
161 492
161 498
161 499
161 505
161 506
161 525
161 526
161 527
161 533
161 570
161 572
161 624
161 651
161 681
161 754
161 755
161 761
161 762
161 763
161 764
161 768
161 769
161 778
161 779
161 780
161 801
161 803
162 453
162 456
162 462
162 463
162 489
162 493
162 497
162 498
162 500
162 501
162 525
162 531
162 535
162 541
162 542
162 556
162 557
162 558
162 603
162 607
162 608
162 624
162 650
162 680
162 745
162 746
162 747
162 754
162 755
162 761
162 764
162 768
162 769
162 771
162 773
162 774
162 777
162 779
162 802
162 803
163 452
163 461
163 462
163 463
163 464
163 489
163 498
163 499
163 500
163 501
163 526
163 530
163 540
163 542
163 556
163 557
163 558
163 559
163 602
163 603
163 608
163 609
163 610
163 650
163 651
163 652
163 680
163 681
163 682
163 747
163 761
163 762
163 763
163 764
163 769
163 771
163 773
163 774
163 777
163 778
163 802
164 452
164 456
164 460
164 461
164 463
164 464
164 490
164 493
164 499
164 500
164 530
164 535
164 539
164 540
164 542
164 555
164 559
164 566
164 585
164 601
164 602
164 608
164 611
164 629
164 631
164 746
164 762
164 763
164 764
164 765
164 769
164 771
164 772
165 452
165 453
165 454
165 455
165 461
165 462
165 530
165 531
165 532
165 533
165 534
165 540
165 541
165 556
165 557
165 558
165 565
165 566
165 584
165 585
165 602
165 603
165 611
165 629
165 630
165 765
166 494
166 504
166 505
166 520
166 521
166 522
166 541
166 551
166 552
166 556
166 557
166 558
166 565
166 567
166 584
166 586
166 610
166 611
166 630
166 804
166 805
167 492
167 493
167 494
167 503
167 504
167 505
167 506
167 507
167 520
167 551
167 552
167 642
167 643
167 644
167 804
167 805
168 491
168 495
168 501
168 506
168 507
168 521
168 641
168 642
168 643
168 644
168 645
168 779
169 491
169 496
169 497
169 498
169 499
169 500
169 506
169 507
169 539
169 540
169 609
169 612
169 634
169 636
169 640
169 641
169 643
169 644
169 645
169 673
169 738
169 739
169 780
169 781
170 491
170 492
170 494
170 496
170 497
170 498
170 499
170 504
170 505
170 538
170 539
170 540
170 541
170 600
170 601
170 608
170 634
170 635
170 641
170 642
170 673
170 675
170 737
170 739
170 779
170 780
171 493
171 497
171 498
171 500
171 501
171 502
171 515
171 516
171 517
171 537
171 538
171 540
171 541
171 599
171 600
171 602
171 603
171 608
171 612
171 635
171 649
171 673
171 674
171 739
172 494
172 496
172 515
172 538
172 539
172 555
172 556
172 600
172 601
172 602
172 603
172 608
172 609
172 610
172 611
172 615
172 616
172 617
172 618
172 648
172 650
173 516
173 554
173 555
173 557
173 558
173 601
173 602
173 615
173 619
173 630
173 647
173 648
173 650
173 651
174 555
174 556
174 557
174 558
174 615
174 623
174 624
174 629
174 631
174 639
174 641
174 648
174 650
174 657
175 489
175 490
175 491
175 492
175 556
175 557
175 616
175 619
175 622
175 623
175 624
175 625
175 629
175 632
175 633
175 639
175 640
175 649
175 656
175 657
176 489
176 493
176 507
176 510
176 621
176 622
176 626
176 632
176 634
176 635
176 640
176 648
176 649
176 655
176 666
176 786
176 788
177 489
177 506
177 543
177 544
177 545
177 546
177 616
177 619
177 622
177 623
177 624
177 625
177 629
177 632
177 633
177 648
177 649
177 650
177 656
177 665
177 730
177 731
177 732
177 787
177 788
178 490
178 493
178 506
178 510
178 543
178 547
178 557
178 615
178 623
178 624
178 629
178 631
178 648
178 649
178 665
178 666
178 667
178 732
178 787
179 506
179 507
179 508
179 509
179 543
179 555
179 556
179 570
179 615
179 619
179 630
179 650
179 731
180 544
180 547
180 550
180 551
180 557
180 558
180 559
180 569
180 570
180 615
180 616
180 617
180 618
181 549
181 550
181 551
181 558
181 559
181 560
181 569
181 571
181 662
181 663
182 544
182 547
182 550
182 551
182 557
182 558
182 559
182 663
183 543
183 555
183 556
183 660
183 661
183 662
183 794
184 529
184 530
184 543
184 547
184 557
184 565
184 612
184 613
184 660
184 667
184 668
184 723
184 724
184 795
184 796
185 528
185 529
185 530
185 531
185 536
185 537
185 538
185 539
185 543
185 544
185 545
185 546
185 564
185 565
185 611
185 612
185 613
185 614
185 666
185 667
185 668
185 722
185 724
185 794
185 795
186 527
186 528
186 530
186 531
186 536
186 540
186 564
186 566
186 610
186 611
186 613
186 614
186 624
186 660
186 666
186 667
186 668
186 724
187 528
187 529
187 536
187 569
187 570
187 611
187 612
187 624
187 637
187 638
187 658
187 659
187 666
187 667
187 668
187 777
187 778
188 537
188 540
188 568
188 569
188 571
188 572
188 573
188 617
188 619
188 624
188 625
188 628
188 637
188 639
188 659
188 660
188 666
188 667
188 669
188 777
188 779
189 560
189 569
189 570
189 571
189 572
189 573
189 616
189 617
189 620
189 628
189 637
189 667
189 668
189 669
189 765
189 778
189 779
189 780
189 788
189 789
190 533
190 542
190 559
190 560
190 570
190 571
190 572
190 617
190 619
190 624
190 625
190 628
190 653
190 668
190 762
190 763
190 764
190 765
190 769
190 770
190 779
190 780
190 781
190 788
190 789
191 531
191 532
191 533
191 534
191 542
191 546
191 559
191 561
191 611
191 612
191 624
191 652
191 654
191 665
191 754
191 755
191 761
191 762
191 763
191 764
191 768
191 769
191 778
191 779
191 780
191 801
191 803
192 530
192 532
192 533
192 534
192 535
192 536
192 537
192 538
192 539
192 543
192 547
192 596
192 599
192 605
192 606
192 610
192 611
192 613
192 614
192 624
192 632
192 633
192 651
192 652
192 654
192 655
192 663
192 664
192 715
192 716
192 717
192 754
192 755
192 761
192 764
192 768
192 769
192 771
192 773
192 774
192 777
192 779
192 802
192 803
193 529
193 530
193 539
193 546
193 595
193 604
193 605
193 606
193 607
193 611
193 612
193 613
193 614
193 632
193 634
193 651
193 655
193 664
193 665
193 717
193 761
193 762
193 763
193 764
193 769
193 771
193 773
193 774
193 777
193 778
193 802
194 530
194 531
194 532
194 534
194 544
194 545
194 555
194 595
194 599
194 603
194 604
194 606
194 607
194 612
194 613
194 632
194 651
194 655
194 716
194 762
194 763
194 764
194 765
194 769
194 771
194 772
195 531
195 532
195 533
195 539
195 540
195 554
195 555
195 595
195 596
195 597
195 598
195 604
195 605
195 636
195 637
195 638
195 639
195 640
195 765
196 536
196 540
196 554
196 556
196 636
196 641
196 651
196 655
196 813
196 815
197 627
197 628
197 636
197 651
197 655
197 812
197 816
198 529
198 530
198 601
198 602
198 627
198 629
198 637
198 641
198 652
198 653
198 654
198 666
198 779
198 809
198 810
198 816
199 528
199 529
199 530
199 531
199 599
199 604
199 605
199 606
199 610
199 611
199 627
199 639
199 653
199 666
199 667
199 708
199 709
199 738
199 739
199 780
199 781
199 808
199 811
199 816
200 527
200 528
200 530
200 531
200 597
200 598
200 603
200 604
200 605
200 606
200 607
200 614
200 615
200 666
200 667
200 668
200 707
200 709
200 737
200 739
200 779
200 780
200 808
200 810
200 816
201 528
201 529
201 545
201 546
201 597
201 604
201 605
201 607
201 612
201 613
201 614
201 649
201 650
201 656
201 657
201 666
201 667
201 673
201 674
201 709
201 739
201 813
201 816
202 544
202 545
202 547
202 548
202 597
202 607
202 608
202 613
202 622
202 623
202 648
202 649
202 650
202 656
202 657
202 658
202 662
202 664
202 665
202 666
202 673
202 674
202 675
202 814
202 815
202 816
203 545
203 546
203 547
203 548
203 598
203 601
203 607
203 608
203 622
203 624
203 648
203 649
203 651
203 655
203 657
203 658
203 663
203 664
203 665
203 672
203 674
203 675
204 546
204 547
204 600
204 607
204 608
204 622
204 649
204 650
204 651
204 655
204 656
204 657
204 664
204 665
204 666
204 672
204 673
204 674
205 650
205 656
205 666
205 667
205 673
205 696
206 596
206 599
206 666
206 667
206 697
206 698
206 786
206 788
207 595
207 678
207 679
207 696
207 697
207 700
207 701
207 702
207 730
207 731
207 732
207 787
207 788
208 595
208 599
208 679
208 702
208 732
208 787
209 595
209 596
209 597
209 598
209 612
209 613
209 614
209 615
209 657
209 659
209 679
209 681
209 691
209 701
209 731
210 612
210 616
210 656
210 680
210 681
210 690
210 692
211 612
211 656
211 690
211 691
211 693
211 702
211 704
212 613
212 616
212 656
212 659
212 690
212 691
212 693
212 694
212 701
212 704
213 656
213 657
213 658
213 663
213 690
213 691
213 693
213 700
213 701
213 712
213 713
213 794
214 661
214 662
214 664
214 665
214 690
214 692
214 698
214 699
214 703
214 712
214 713
214 723
214 724
214 795
214 796
215 691
215 700
215 701
215 707
215 708
215 722
215 724
215 794
215 795
216 660
216 664
216 666
216 701
216 704
216 709
216 724
217 662
217 666
217 702
217 704
217 777
217 778
218 656
218 657
218 662
218 665
218 666
218 670
218 671
218 777
218 779
219 655
219 656
219 657
219 663
219 664
219 665
219 669
219 670
219 671
219 765
219 778
219 779
219 780
219 788
219 789
220 655
220 656
220 658
220 664
220 669
220 670
220 672
220 762
220 763
220 764
220 765
220 769
220 770
220 779
220 780
220 781
220 788
220 789
221 656
221 657
221 658
221 670
221 671
221 672
221 754
221 755
221 761
221 762
221 763
221 764
221 768
221 769
221 778
221 779
221 780
222 657
222 671
222 715
222 716
222 717
222 754
222 755
222 761
222 764
222 768
222 769
222 771
222 773
222 774
222 777
222 779
223 717
223 761
223 762
223 763
223 764
223 769
223 771
223 773
223 774
223 777
223 778
224 716
224 762
224 763
224 764
224 765
224 769
224 771
224 772
225 743
225 744
225 765
226 743
226 744
228 779
229 708
229 709
229 780
229 781
230 707
230 709
230 779
230 780
231 709
237 678
237 679
237 700
237 701
237 702
237 730
237 731
237 732
238 679
238 702
238 732
239 679
239 681
239 691
239 701
239 731
240 680
240 681
240 690
240 692
241 690
241 691
241 693
241 702
241 704
242 690
242 691
242 693
242 694
242 701
242 704
243 690
243 691
243 693
243 700
243 701
243 712
243 713
244 690
244 692
244 698
244 699
244 703
244 712
244 713
244 723
244 724
245 691
245 700
245 701
245 707
245 708
245 722
245 724
246 701
246 704
246 709
246 724
247 702
247 704
248 776
248 777
249 766
249 767
249 768
249 776
249 778
249 779
249 781
249 788
249 789
250 764
250 765
250 768
250 777
250 778
250 779
250 780
250 788
250 789
251 754
251 755
251 761
251 762
251 763
251 764
251 765
251 767
251 768
251 780
251 781
251 782
252 715
252 716
252 717
252 754
252 755
252 760
252 764
252 765
252 766
253 717
253 760
253 763
254 716
254 761
254 762
255 743
255 744
256 743
256 744
259 708
259 709
260 707
260 709
261 709
263 805
263 807
264 796
264 804
265 795
265 804
265 808
266 795
266 796
266 797
266 804
267 678
267 679
267 700
267 701
267 702
267 804
267 807
268 679
268 702
268 747
268 749
268 804
268 805
268 806
269 679
269 681
269 691
269 701
269 748
269 749
269 801
270 680
270 681
270 690
270 692
270 748
270 800
271 690
271 691
271 693
271 702
271 704
271 800
271 801
271 802
272 690
272 691
272 693
272 694
272 701
272 704
273 690
273 691
273 693
273 700
273 701
273 712
273 713
273 743
273 744
274 690
274 692
274 698
274 699
274 703
274 712
274 713
274 743
274 744
274 745
274 797
274 798
274 799
274 806
275 691
275 700
275 701
275 707
275 708
275 797
275 799
275 805
276 701
276 704
276 709
276 796
276 797
276 799
276 800
276 805
276 806
276 807
277 702
277 704
277 796
277 797
277 798
277 799
277 800
278 737
278 739
278 776
278 777
278 795
278 797
278 799
278 801
279 738
279 739
279 776
279 778
279 788
279 789
279 796
279 800
279 811
280 738
280 766
280 767
280 777
280 778
280 788
280 789
280 810
281 754
281 755
281 765
281 767
281 810
281 811
281 812
282 715
282 716
282 717
282 754
282 755
282 765
282 766
282 798
283 717
283 732
283 734
283 745
283 796
283 797
283 799
283 800
284 716
284 733
284 734
284 743
284 744
284 746
284 747
285 733
285 743
285 744
285 746
285 747
285 815
286 742
286 743
286 747
286 748
286 796
286 800
286 815
286 816
286 817
287 797
287 798
287 799
287 818
288 727
288 729
288 798
288 818
289 708
289 709
289 728
289 729
290 707
290 709
290 728
290 743
290 745
290 747
290 794
290 795
290 801
290 802
290 821
290 823
291 709
291 744
291 745
291 746
291 793
291 794
291 795
291 801
291 802
291 803
291 820
292 744
292 745
292 746
292 793
292 794
292 796
292 800
292 802
292 803
292 820
293 794
293 795
293 796
293 800
293 801
293 802
293 820
293 823
294 740
294 742
294 748
294 750
294 795
294 801
294 820
294 821
294 822
295 722
295 723
295 743
295 747
296 722
296 723
296 724
296 743
296 747
297 678
297 679
297 700
297 701
297 702
297 721
297 723
297 724
297 740
297 743
297 747
297 750
297 803
297 804
298 679
298 702
298 721
298 722
298 723
298 732
298 741
298 742
298 743
298 747
298 748
298 749
298 802
298 803
298 804
298 811
299 679
299 681
299 691
299 701
299 722
299 731
299 732
299 733
299 802
299 803
299 804
299 810
299 811
299 812
300 680
300 681
300 690
300 692
300 730
300 735
300 802
300 803
300 805
300 810
300 813
301 690
301 691
301 693
301 702
301 704
301 731
301 732
301 735
301 739
301 741
301 803
301 804
301 805
302 690
302 691
302 693
302 694
302 701
302 704
302 731
302 732
302 733
302 738
302 804
302 812
302 814
303 690
303 691
303 693
303 700
303 701
303 712
303 713
303 730
303 731
303 738
303 742
303 814
304 690
304 692
304 698
304 699
304 703
304 712
304 713
304 729
304 730
304 731
304 738
304 783
304 785
305 691
305 700
305 701
305 707
305 708
305 730
305 731
305 738
305 741
305 786
305 793
305 802
305 804
306 701
306 704
306 709
306 738
306 739
306 740
306 786
306 793
306 795
306 805
307 702
307 704
307 730
307 783
307 786
307 793
307 794
307 801
307 805
307 811
307 813
307 814
307 817
307 819
308 728
308 729
308 731
308 732
308 750
308 776
308 777
308 784
308 785
308 786
308 805
308 811
308 814
308 820
309 751
309 752
309 757
309 758
309 776
309 778
309 802
309 805
309 811
309 812
309 813
309 820
310 727
310 731
310 733
310 738
310 739
310 750
310 751
310 756
310 757
310 758
310 766
310 767
310 777
310 778
310 797
310 799
310 803
310 804
310 805
310 817
310 820
311 729
311 733
311 737
311 738
311 739
311 756
311 757
311 759
311 765
311 767
311 797
311 799
311 818
311 819
311 820
312 723
312 724
312 729
312 732
312 733
312 737
312 738
312 739
312 757
312 758
312 759
312 765
312 766
312 798
313 722
313 723
313 724
313 730
313 731
313 732
313 737
313 738
313 740
313 758
314 722
314 723
314 725
314 731
314 738
314 739
314 740
315 723
315 724
315 725
315 739
315 803
316 724
316 803
316 805
317 803
317 804
318 740
319 741
319 742
320 740
320 741
320 746
320 796
320 797
320 798
320 808
321 746
321 795
321 799
321 808
321 810
322 745
322 747
322 808
322 809
323 735
323 745
323 746
323 747
323 794
323 795
323 796
323 798
323 799
323 800
324 736
324 737
324 744
324 748
325 735
325 736
325 743
325 749
326 744
326 745
326 747
326 748
326 811
326 812
327 678
327 679
327 700
327 701
327 702
327 797
327 814
328 679
328 702
328 730
328 795
328 799
328 811
328 814
329 679
329 681
329 691
329 701
329 731
329 732
329 746
329 796
329 798
329 812
329 814
330 680
330 681
330 690
330 692
330 730
330 731
330 745
330 747
330 797
330 816
330 818
331 690
331 691
331 693
331 702
331 704
331 744
331 745
331 747
331 748
331 819
332 690
332 691
332 693
332 694
332 701
332 704
332 744
332 745
332 747
332 748
332 794
332 795
332 799
332 800
332 819
333 690
333 691
333 693
333 700
333 701
333 712
333 713
333 745
333 746
333 747
333 794
333 795
333 796
333 798
333 799
333 800
333 816
333 819
334 690
334 692
334 698
334 699
334 703
334 712
334 713
334 746
334 780
334 794
334 795
334 796
334 798
334 799
334 801
334 817
334 818
334 819
335 691
335 700
335 701
335 707
335 708
335 724
335 725
335 779
335 794
335 795
335 796
335 799
335 800
335 801
336 701
336 704
336 709
336 723
336 724
336 725
336 743
336 745
336 747
336 749
336 781
336 793
336 795
336 796
336 800
337 702
337 704
337 723
337 724
337 726
337 742
337 750
337 777
337 781
337 793
337 794
337 795
338 724
338 725
338 726
338 742
338 750
338 776
338 794
339 725
339 742
339 745
339 750
339 776
339 779
339 802
339 803
340 735
340 742
340 743
340 744
340 750
340 766
340 767
340 777
340 778
340 802
340 803
340 804
340 808
341 733
341 734
341 736
341 737
341 747
341 750
341 765
341 767
341 801
341 803
341 804
341 807
341 808
341 809
342 736
342 737
342 748
342 749
342 750
342 765
342 766
342 801
342 802
342 803
342 809
342 810
343 732
343 739
343 741
343 802
343 810
344 735
344 742
344 790
344 812
345 732
345 734
345 742
345 789
345 807
345 812
346 733
346 739
346 742
346 789
346 790
346 791
346 806
347 740
347 741
347 742
347 802
347 804
347 811
347 816
347 818
348 753
348 755
348 801
348 807
348 810
348 815
349 732
349 733
349 754
349 755
349 795
349 801
349 808
349 809
349 810
349 815
350 732
350 734
350 735
350 754
350 794
350 801
350 804
350 815
350 818
351 732
351 736
351 786
351 787
351 788
351 794
351 795
351 796
351 801
351 802
351 803
351 815
351 816
351 817
352 727
352 728
352 732
352 733
352 736
352 741
352 742
352 756
353 727
353 728
353 729
353 733
353 734
353 735
353 741
353 742
353 743
353 748
353 750
353 755
353 757
354 726
354 728
354 729
354 734
354 740
354 742
354 743
354 749
354 750
354 786
354 788
354 800
355 726
355 727
355 728
355 740
355 741
355 742
355 749
355 784
355 785
355 786
355 788
355 789
355 790
355 799
356 727
356 741
356 753
356 759
356 799
356 800
356 801
357 678
357 679
357 753
357 759
358 679
358 743
358 745
358 754
358 758
359 679
359 681
359 744
359 745
359 787
360 680
360 681
360 744
360 786
360 788
361 755
361 756
361 757
362 684
362 685
362 689
362 690
362 755
362 756
362 757
362 786
362 787
362 788
362 797
362 798
362 799
362 800
363 683
363 685
363 689
363 691
363 712
363 713
363 787
363 801
363 808
363 810
364 685
364 690
364 691
364 701
364 702
364 712
364 713
364 741
364 742
364 796
364 802
364 807
365 700
365 702
365 708
365 740
365 743
365 755
365 756
365 757
365 783
365 784
365 790
365 791
365 797
365 801
365 807
366 700
366 701
366 707
366 708
366 739
366 740
366 741
366 755
366 756
366 757
366 778
366 782
366 783
366 784
366 790
366 791
366 792
366 798
366 799
366 800
366 807
366 810
367 707
367 709
367 740
367 741
367 755
367 756
367 757
367 778
367 782
367 783
367 785
367 789
367 791
367 792
367 807
367 808
367 809
368 735
368 736
368 777
368 783
368 784
368 785
368 789
368 790
368 791
369 735
369 736
369 737
369 751
369 753
369 759
369 761
369 765
369 766
369 777
369 784
369 790
369 801
369 802
370 734
370 736
370 737
370 754
370 758
370 764
370 767
370 775
370 777
370 801
370 802
371 734
371 735
371 736
371 741
371 742
371 754
371 758
371 764
371 767
371 775
371 777
372 735
372 751
372 754
372 758
372 761
372 765
372 766
372 791
372 792
373 752
373 753
373 754
373 758
373 759
373 760
373 790
373 791
373 792
374 790
374 791
374 793
375 791
375 792
375 793
376 751
376 753
376 792
377 750
378 745
378 750
378 798
379 744
379 746
379 750
379 753
379 797
379 798
379 799
379 800
380 743
380 747
380 750
380 751
380 752
380 790
380 792
380 797
380 801
380 804
380 806
381 743
381 793
381 798
381 801
381 807
382 742
382 743
382 745
382 793
382 798
382 799
382 800
382 807
383 741
383 742
383 743
383 746
383 790
383 793
383 804
383 807
384 742
384 743
384 745
384 746
384 791
384 792
384 793
384 805
384 806
384 807
385 736
385 737
385 742
385 745
385 746
385 750
385 751
385 785
385 786
386 735
386 736
386 737
386 743
386 744
386 745
386 749
386 750
386 751
386 784
386 785
386 786
387 678
387 679
387 735
387 736
387 738
387 744
387 749
387 750
387 752
387 784
387 785
387 786
388 679
388 736
388 737
388 738
388 750
388 751
388 752
388 784
388 785
388 786
389 679
389 681
389 737
389 751
389 756
389 760
389 784
389 785
389 786
390 680
390 681
390 756
390 761
390 784
390 785
391 757
391 760
391 787
392 689
392 690
392 761
392 783
392 787
393 689
393 691
393 712
393 713
393 759
393 761
393 783
393 785
394 690
394 691
394 701
394 702
394 712
394 713
394 758
394 761
395 700
395 702
395 759
395 760
396 700
396 701
399 779
399 786
400 758
400 759
400 778
400 779
400 780
400 785
400 786
401 757
401 759
401 763
401 764
401 765
401 778
401 779
401 780
401 785
401 787
402 759
402 763
402 765
402 776
402 778
402 780
402 782
403 762
403 763
403 765
403 766
403 777
403 781
404 666
404 667
404 762
404 763
404 764
404 765
404 766
404 777
404 781
405 668
405 761
405 763
405 765
405 767
406 664
406 669
406 762
406 766
407 663
407 669
408 664
408 668
408 669
408 778
408 779
408 780
409 651
409 653
409 665
409 666
409 667
409 764
409 778
409 779
409 780
410 654
410 723
410 762
410 763
410 765
410 766
410 779
411 650
411 654
411 722
411 723
412 650
412 654
412 722
412 724
412 776
412 778
412 780
412 782
413 654
413 661
413 668
413 762
413 766
413 775
413 783
413 792
414 651
414 654
414 659
414 661
414 667
414 668
414 669
414 763
414 764
414 765
414 775
414 783
414 790
414 791
415 652
415 653
415 654
415 660
415 661
415 667
415 668
415 669
415 753
415 754
415 764
415 775
415 778
415 780
415 783
415 790
415 791
415 792
416 665
416 667
416 669
416 671
416 752
416 754
416 775
416 776
416 777
416 781
416 782
416 783
416 790
416 791
417 666
417 670
417 678
417 679
417 754
417 760
417 761
417 767
417 768
418 656
418 666
418 670
418 679
418 759
418 760
418 761
418 767
418 768
418 769
418 785
418 787
419 654
419 656
419 679
419 681
419 759
419 760
419 762
419 766
419 768
419 769
419 788
420 655
420 656
420 680
420 681
420 760
420 761
420 762
420 766
420 767
420 768
420 788
421 761
421 767
421 785
421 788
422 667
422 668
422 669
422 689
422 690
422 786
422 787
422 788
423 667
423 668
423 669
423 689
423 691
423 712
423 713
423 755
423 756
424 668
424 690
424 691
424 701
424 702
424 712
424 713
424 754
424 755
424 756
425 700
425 702
425 746
425 754
425 755
425 757
425 797
426 648
426 650
426 657
426 658
426 665
426 667
426 669
426 671
426 700
426 701
426 745
426 747
426 755
426 756
426 757
426 796
426 798
427 647
427 656
427 658
427 664
427 672
427 748
427 756
427 795
427 796
427 798
427 799
428 647
428 655
428 656
428 658
428 664
428 672
428 748
428 795
428 796
428 802
428 803
429 647
429 650
429 656
429 658
429 664
429 667
429 669
429 672
429 746
429 795
429 796
429 801
429 802
429 803
430 647
430 648
430 649
430 658
430 664
430 665
430 666
430 670
430 671
430 672
430 744
430 745
430 794
430 795
430 796
430 801
430 802
430 804
431 802
431 803
431 804
432 740
432 742
432 749
432 750
432 803
433 654
433 655
433 739
433 746
433 747
433 749
434 654
434 655
434 739
434 746
434 795
435 659
435 663
435 664
435 739
435 742
435 746
435 794
435 795
435 796
435 797
436 662
436 663
436 664
436 739
436 740
436 741
436 746
436 750
436 787
436 789
436 794
436 798
436 801
436 803
437 662
437 663
437 665
437 746
437 790
437 795
437 798
437 804
438 658
438 663
438 664
438 665
438 745
438 746
438 748
438 790
438 795
438 796
438 797
438 804
439 658
439 664
439 744
439 745
439 746
439 749
439 787
439 790
439 801
439 804
440 745
440 746
440 748
440 749
440 788
440 789
440 790
440 802
440 803
440 804
441 739
441 740
441 745
441 748
441 749
441 753
441 754
442 738
442 739
442 740
442 746
442 747
442 748
442 752
442 753
442 754
443 648
443 650
443 656
443 658
443 659
443 662
443 664
443 721
443 722
443 738
443 739
443 741
443 747
443 752
443 753
443 755
444 651
444 656
444 659
444 665
444 720
444 721
444 722
444 739
444 740
444 741
444 753
444 754
444 755
445 651
445 656
445 657
445 658
445 665
445 720
445 721
445 722
445 740
445 754
446 648
446 651
446 662
446 665
446 720
446 721
446 723
447 649
447 650
447 651
447 663
447 664
447 665
447 678
447 679
447 721
447 722
447 723
448 679
448 707
448 709
448 722
449 679
449 681
449 710
449 717
450 680
450 681
450 710
450 717
450 719
451 707
451 710
451 717
451 718
452 689
452 690
452 708
452 709
452 710
453 689
453 691
454 690
454 691
454 701
454 702
454 722
455 700
455 702
455 722
455 724
455 738
456 700
456 701
456 722
456 723
456 737
456 738
457 737
457 739
458 714
458 715
458 716
459 713
459 717
459 727
460 727
460 729
461 712
461 713
461 714
461 716
461 717
461 718
461 727
461 728
465 715
465 726
465 728
466 713
466 717
466 729
467 714
467 716
467 725
467 730
468 715
468 730
468 734
468 736
469 725
469 730
469 737
469 750
470 712
470 713
470 717
470 718
470 725
470 729
470 737
470 750
470 751
471 712
471 713
471 714
471 716
471 717
471 718
471 726
471 727
471 728
471 734
471 737
471 750
471 751
471 752
472 711
472 713
472 714
472 716
472 717
472 719
472 735
472 736
472 737
472 746
472 753
473 711
473 712
473 713
473 717
473 718
473 719
473 729
473 730
473 746
473 747
473 749
473 753
474 712
474 718
474 729
474 730
475 747
475 750
475 751
475 752
475 754
476 747
476 748
476 750
476 752
477 678
477 679
477 720
477 721
477 744
477 745
477 750
477 752
478 679
478 720
478 721
478 722
478 743
478 746
478 749
478 750
478 752
478 755
479 679
479 681
479 719
479 721
479 722
479 743
479 746
479 749
479 750
479 752
479 755
480 680
480 681
480 719
480 720
480 721
480 744
480 745
480 749
480 750
480 754
480 755
480 756
481 720
481 745
481 746
481 747
481 748
481 749
481 750
481 755
481 757
481 762
481 763
482 689
482 690
482 725
482 726
482 727
482 746
482 747
482 748
482 749
482 750
482 756
482 758
482 762
482 763
482 764
483 689
483 691
483 724
483 725
483 727
483 728
483 746
483 747
483 748
483 762
483 763
483 764
484 690
484 691
484 701
484 702
484 724
484 725
484 727
484 729
484 762
484 763
484 764
485 700
485 703
485 720
485 722
485 725
485 729
485 734
485 736
485 761
485 763
485 764
486 700
486 703
486 719
486 725
486 728
486 733
486 761
486 762
486 763
487 701
487 702
487 719
487 726
487 727
487 728
487 733
487 756
487 758
487 762
488 719
488 722
488 733
488 736
488 747
488 756
488 757
489 719
489 720
489 721
489 733
489 734
489 735
489 746
489 748
489 757
490 746
490 748
491 747
492 747
492 761
493 746
493 748
493 761
493 762
493 763
494 745
494 749
494 762
494 764
495 746
495 748
496 747
498 715
498 716
498 744
498 745
498 749
498 750
498 766
498 767
499 714
499 715
499 744
499 745
499 746
499 748
499 749
499 750
499 765
499 766
499 767
500 716
500 743
500 745
500 746
500 748
500 749
500 751
500 765
500 766
500 768
501 743
501 744
501 745
501 749
501 750
501 751
501 766
501 767
501 768
502 744
502 750
502 767
505 756
505 757
505 758
506 749
506 751
506 756
506 758
507 678
507 679
507 704
507 752
507 756
507 758
508 679
508 704
508 706
508 752
508 759
509 679
509 681
509 704
509 749
509 752
509 759
510 680
510 681
510 706
510 708
510 709
510 750
510 751
510 752
510 759
511 706
511 708
512 689
512 690
512 707
513 689
513 691
514 690
514 691
514 706
514 707
514 708
514 758
514 759
514 760
515 706
515 751
515 752
515 756
515 757
515 760
515 765
515 766
516 707
516 751
516 752
516 753
516 757
516 758
516 759
516 765
516 766
516 767
517 750
517 752
517 753
517 758
517 764
517 766
517 767
518 750
518 751
518 752
518 764
518 765
518 766
519 751
519 765
523 702
523 703
523 704
524 701
524 705
526 700
526 701
526 702
526 704
526 705
526 706
529 711
529 712
529 713
530 703
530 711
531 701
531 705
531 712
532 702
532 704
533 703
535 700
535 701
535 705
535 706
536 700
536 701
536 702
536 704
536 705
536 706
537 678
537 679
537 699
537 701
537 702
537 704
537 705
537 707
538 679
538 699
538 700
538 701
538 705
538 706
538 707
539 679
539 681
539 700
539 706
539 720
539 721
540 680
540 681
540 719
540 720
540 721
541 710
541 711
541 718
541 719
541 720
541 721
541 722
542 689
542 690
542 709
542 710
542 711
542 717
542 718
543 689
543 691
543 709
543 710
543 712
543 718
543 719
543 720
543 721
543 722
543 730
543 731
544 690
544 691
544 710
544 711
544 712
544 719
544 720
544 721
544 729
544 730
545 711
545 720
545 731
547 717
547 718
548 717
548 718
550 727
550 729
551 726
552 726
553 726
553 729
554 726
554 727
554 728
556 721
556 722
557 719
557 720
557 722
557 742
558 718
558 722
558 741
558 742
558 743
559 712
559 713
559 718
559 721
559 722
559 726
559 727
559 736
559 737
559 739
559 740
559 741
559 743
559 744
560 711
560 712
560 713
560 719
560 720
560 721
560 725
560 726
560 727
560 741
560 743
560 744
560 745
561 701
561 711
561 712
561 714
561 720
561 725
561 726
561 728
561 738
561 741
561 745
562 700
562 712
562 713
562 714
562 726
562 727
562 728
562 739
562 740
562 745
563 700
563 701
563 702
563 713
563 727
563 741
563 742
563 745
564 736
564 737
565 735
565 738
565 743
565 745
566 716
566 717
566 735
566 738
566 741
566 742
566 745
566 746
567 678
567 679
567 716
567 717
567 718
567 736
567 737
567 741
567 742
567 744
567 747
567 748
567 753
567 754
568 679
568 716
568 717
568 718
568 743
568 744
568 745
568 747
568 748
568 752
568 753
568 754
569 679
569 681
569 715
569 717
569 718
569 739
569 744
569 745
569 747
569 748
569 752
569 753
569 754
570 680
570 681
570 715
570 716
570 717
570 738
570 739
570 740
570 752
570 753
570 754
571 690
571 691
571 711
571 716
571 737
571 738
571 739
571 740
571 741
571 752
571 753
571 755
572 689
572 692
572 710
572 736
572 738
572 740
572 742
572 753
572 754
572 755
573 689
573 692
573 710
573 711
573 712
573 737
573 741
573 750
573 754
574 690
574 691
574 748
574 749
575 749
575 750
576 716
576 739
577 708
577 709
577 710
577 715
577 737
577 738
577 740
577 741
578 708
578 710
578 715
578 716
578 717
579 707
579 708
579 710
579 711
580 707
580 708
580 709
580 710
580 711
580 737
580 741
580 752
580 753
580 754
581 706
581 708
581 710
581 712
581 721
581 738
581 739
581 740
581 755
581 756
582 707
582 711
582 720
582 739
582 754
582 756
583 720
583 721
583 722
584 735
584 736
584 742
584 743
584 759
584 760
585 709
585 734
585 735
585 736
585 742
585 743
585 744
585 759
585 760
585 761
586 707
586 708
586 710
586 711
586 734
586 735
586 737
586 741
586 743
586 744
586 758
586 760
586 761
587 735
587 736
587 737
587 741
587 742
587 743
587 758
587 759
587 760
588 723
588 724
588 736
588 742
588 759
589 707
589 711
589 722
589 725
590 708
590 709
590 710
590 722
590 725
591 709
591 725
591 730
591 732
592 724
592 729
592 743
592 745
593 694
593 695
593 705
593 706
593 712
593 713
593 729
593 742
593 748
593 749
593 750
594 704
594 705
594 706
594 712
594 713
594 714
594 720
594 724
594 729
594 732
594 742
594 748
594 751
595 693
595 694
595 695
595 704
595 705
595 707
595 711
595 713
595 714
595 729
595 730
595 731
595 742
595 745
595 751
596 693
596 694
596 697
596 705
596 706
596 707
596 711
596 712
596 713
596 723
596 724
596 742
596 743
596 744
596 750
596 751
596 752
597 678
597 679
597 695
597 697
597 706
597 712
597 752
598 679
598 695
598 696
598 697
599 679
599 681
600 680
600 681
600 713
600 714
601 696
601 697
601 712
601 713
601 714
601 742
601 743
601 749
601 751
601 752
601 756
601 757
602 695
602 696
602 712
602 713
602 715
602 741
602 742
602 743
602 749
602 750
602 751
602 755
602 756
602 757
603 697
603 713
603 714
603 715
603 719
603 720
603 721
603 741
603 742
603 744
603 750
603 755
603 756
603 758
604 714
604 719
604 720
604 721
604 742
604 743
604 744
604 756
604 757
604 758
605 718
605 720
605 721
605 743
605 757
606 722
607 718
607 720
607 723
607 724
608 712
608 714
608 719
608 723
608 726
608 728
609 715
609 720
609 723
609 729
610 692
610 715
610 720
610 721
610 722
610 729
611 690
611 691
611 693
611 694
611 712
611 715
611 726
611 729
612 690
612 691
612 693
612 694
612 713
612 714
612 715
612 727
612 728
612 729
613 689
613 690
613 694
613 695
616 701
616 702
617 690
617 692
617 694
617 700
617 701
618 691
618 692
618 693
618 702
619 691
619 692
619 693
621 687
621 689
621 695
621 697
622 690
622 694
623 690
623 694
624 687
624 690
624 694
624 697
625 688
625 689
625 690
625 694
625 695
625 696
627 678
627 679
627 700
627 702
627 708
627 709
627 710
627 711
628 679
628 699
628 707
629 679
629 681
629 699
629 706
629 712
630 680
630 681
630 699
630 702
630 707
630 711
631 699
631 700
631 701
631 708
631 709
631 710
634 706
634 707
635 706
635 707
637 716
637 717
638 716
638 717
638 718
639 715
639 717
639 718
640 669
640 690
640 691
640 715
640 716
640 717
641 668
641 670
641 689
641 692
641 716
642 668
642 690
642 692
643 669
643 686
643 687
643 690
643 691
643 693
643 710
644 686
644 687
644 708
644 709
644 710
644 711
645 686
645 687
645 688
645 690
645 691
645 692
645 693
645 702
645 704
645 707
645 711
645 716
645 718
646 687
646 688
646 689
646 690
646 692
646 693
646 701
646 707
646 710
646 715
647 686
647 687
647 688
647 690
647 692
647 701
647 708
647 709
647 710
647 715
648 675
648 676
648 684
648 685
648 686
648 687
648 688
648 690
648 692
648 693
648 701
648 704
648 715
648 718
649 667
649 670
649 675
649 677
649 678
649 683
649 686
649 692
649 693
649 701
649 702
649 703
649 715
649 716
649 717
650 666
650 667
650 670
650 677
650 678
650 683
650 686
650 688
650 693
651 664
651 665
651 666
651 667
651 668
651 669
651 677
651 684
651 694
652 663
652 666
652 674
652 675
652 677
652 684
652 691
652 694
652 697
652 702
652 704
653 663
653 665
653 675
653 676
653 690
653 696
653 697
653 701
654 664
654 686
654 701
654 705
655 687
655 701
655 705
656 701
657 657
657 658
657 701
657 704
658 657
658 658
658 659
658 671
658 672
658 673
658 696
658 701
658 702
658 703
659 657
659 658
659 659
659 671
659 673
659 687
659 696
659 698
660 657
660 658
660 659
660 664
660 670
660 671
660 673
660 674
660 686
660 688
660 696
660 697
661 656
661 658
661 659
661 665
661 666
661 670
661 671
661 672
661 673
661 674
661 686
661 688
662 656
662 657
662 658
662 664
662 665
662 669
662 671
662 673
662 675
662 686
662 687
662 688
663 657
663 670
663 674
663 686
663 687
663 688
663 701
664 686
664 687
664 688
664 701
664 703
665 659
665 685
665 686
665 688
665 689
665 701
665 702
666 660
666 661
666 672
666 686
666 687
666 688
667 659
667 660
667 670
667 671
667 673
667 674
667 687
669 684
669 686
669 688
669 690
669 705
669 707
670 670
670 674
670 683
670 691
670 708
671 671
671 672
671 673
671 683
671 691
671 708
672 672
672 683
672 686
672 688
672 691
672 705
672 708
673 661
673 662
673 683
673 684
673 685
673 689
673 690
673 691
673 706
673 707
673 708
674 651
674 652
674 659
674 660
674 662
674 663
674 668
674 669
674 675
674 676
675 650
675 651
675 652
675 659
675 660
675 662
675 663
675 667
675 668
675 669
675 675
675 676
675 677
675 697
676 650
676 651
676 653
676 659
676 660
676 662
676 663
676 667
676 668
676 670
676 674
676 676
676 677
676 696
676 698
677 651
677 652
677 653
677 661
677 668
677 669
677 670
677 674
677 675
677 676
677 695
677 696
677 698
677 699
678 652
678 669
678 675
678 691
678 692
678 698
678 699
679 691
679 692
679 693
679 698
679 699
680 658
680 659
680 690
680 692
680 693
680 698
680 699
680 700
681 658
681 659
681 690
681 691
681 692
682 666
682 668
682 691
683 669
684 669
684 699
685 666
685 669
685 697
685 698
685 699
685 700
686 667
686 668
686 669
686 691
686 693
686 696
686 700
686 705
686 707
687 690
687 696
687 699
687 704
688 690
688 697
688 698
688 699
688 704
689 690
689 693
689 704
689 707
690 661
690 662
690 663
690 690
690 691
690 692
690 704
690 705
690 706
691 654
691 655
691 659
691 660
691 663
691 668
691 669
692 654
692 655
692 656
692 660
692 661
692 662
692 668
692 669
692 670
693 653
693 655
693 656
693 661
693 667
693 669
693 670
694 653
694 654
694 655
694 667
694 668
694 669
695 654
695 668
